instance= ../../../CausalPIBT/simulator/instances/sample.txt
agents=7
map_file=6x6.map
solver=PIBT
solved=1
soc=25
makespan=5
comp_time=0
starts=(4,0),(3,2),(0,3),(0,5),(3,5),(0,0),(0,1),
goals=(4,4),(5,2),(5,3),(3,5),(0,5),(3,0),(3,1),
solution=
0:(4,0),(3,2),(0,3),(0,5),(3,5),(0,0),(0,1),
1:(4,1),(4,2),(1,3),(1,5),(3,4),(1,0),(1,1),
2:(4,2),(5,2),(2,3),(2,5),(2,4),(2,0),(2,1),
3:(4,3),(5,2),(3,3),(3,5),(1,4),(3,0),(3,1),
4:(4,4),(5,2),(4,3),(3,5),(0,4),(3,0),(3,1),
5:(4,4),(5,2),(5,3),(3,5),(0,5),(3,0),(3,1),
